[budget.jpg]
backuphash=26235
text=1;127;6;ACTUAL;Futura;0.193332,0.382222,0.266667,0.000000;v1,4294967295,4278190080,128.000000,1.000000,0.000000,1.000000,700,0,49152;;
textactive=1
filters=warm=1;PicnikTint=1,50.292397,fff3f8ff;CrossProcess=1,0.000000;finetune2=1,0.561404,0.000000,0.000000,00000000,0.000000;autocolor=1;autolight=1;autocolor=1;dir_tint=1,0.526667,1.013333,0.250000,0.766082,ffffffff,0;
